{
 "cells": [
  {
   "cell_type": "code",
   "execution_count": 1,
   "id": "20248c9e",
   "metadata": {},
   "outputs": [],
   "source": [
    "import pandas as pd"
   ]
  },
  {
   "cell_type": "code",
   "execution_count": 2,
   "id": "b87e9b70",
   "metadata": {},
   "outputs": [],
   "source": [
    "df1=pd.read_csv('C:/Users/areum/Desktop/POC시연자료/연관분석결과.csv')\n",
    "df2=pd.read_csv('C:/Users/areum/Desktop/POC시연자료/연과분석_상픔코드.csv')"
   ]
  },
  {
   "cell_type": "code",
   "execution_count": 3,
   "id": "09318f1f",
   "metadata": {},
   "outputs": [],
   "source": [
    "df1['code1']=df1.Item.str.split('=>').str[0]\n",
    "df1['code1']=df1['code1'].astype('int')"
   ]
  },
  {
   "cell_type": "code",
   "execution_count": 4,
   "id": "705ab46b",
   "metadata": {},
   "outputs": [
    {
     "data": {
      "text/html": [
       "<div>\n",
       "<style scoped>\n",
       "    .dataframe tbody tr th:only-of-type {\n",
       "        vertical-align: middle;\n",
       "    }\n",
       "\n",
       "    .dataframe tbody tr th {\n",
       "        vertical-align: top;\n",
       "    }\n",
       "\n",
       "    .dataframe thead th {\n",
       "        text-align: right;\n",
       "    }\n",
       "</style>\n",
       "<table border=\"1\" class=\"dataframe\">\n",
       "  <thead>\n",
       "    <tr style=\"text-align: right;\">\n",
       "      <th></th>\n",
       "      <th>Item</th>\n",
       "      <th>Support</th>\n",
       "      <th>Confidence</th>\n",
       "      <th>Lift</th>\n",
       "      <th>Leverage</th>\n",
       "      <th>Conviction</th>\n",
       "      <th>Collective Strength</th>\n",
       "      <th>Cosine Similarity</th>\n",
       "      <th>All Confidence Val</th>\n",
       "      <th>code1</th>\n",
       "    </tr>\n",
       "  </thead>\n",
       "  <tbody>\n",
       "    <tr>\n",
       "      <th>0</th>\n",
       "      <td>1000000313 =&gt; 1000000310</td>\n",
       "      <td>0.011738</td>\n",
       "      <td>0.439655</td>\n",
       "      <td>14.471983</td>\n",
       "      <td>0.010927</td>\n",
       "      <td>1.730399</td>\n",
       "      <td>1.688538</td>\n",
       "      <td>0.412149</td>\n",
       "      <td>0.386364</td>\n",
       "      <td>1000000313</td>\n",
       "    </tr>\n",
       "    <tr>\n",
       "      <th>1</th>\n",
       "      <td>1000000310 =&gt; 1000000313</td>\n",
       "      <td>0.011738</td>\n",
       "      <td>0.386364</td>\n",
       "      <td>14.471983</td>\n",
       "      <td>0.010927</td>\n",
       "      <td>1.586123</td>\n",
       "      <td>1.688538</td>\n",
       "      <td>0.412149</td>\n",
       "      <td>0.386364</td>\n",
       "      <td>1000000310</td>\n",
       "    </tr>\n",
       "    <tr>\n",
       "      <th>2</th>\n",
       "      <td>1000000139 =&gt; 1000000140</td>\n",
       "      <td>0.010357</td>\n",
       "      <td>0.323741</td>\n",
       "      <td>7.728872</td>\n",
       "      <td>0.009017</td>\n",
       "      <td>1.416784</td>\n",
       "      <td>1.365202</td>\n",
       "      <td>0.282924</td>\n",
       "      <td>0.247253</td>\n",
       "      <td>1000000139</td>\n",
       "    </tr>\n",
       "    <tr>\n",
       "      <th>3</th>\n",
       "      <td>1000000140 =&gt; 1000000139</td>\n",
       "      <td>0.010357</td>\n",
       "      <td>0.247253</td>\n",
       "      <td>7.728872</td>\n",
       "      <td>0.009017</td>\n",
       "      <td>1.285968</td>\n",
       "      <td>1.365202</td>\n",
       "      <td>0.282924</td>\n",
       "      <td>0.247253</td>\n",
       "      <td>1000000140</td>\n",
       "    </tr>\n",
       "    <tr>\n",
       "      <th>4</th>\n",
       "      <td>1000000254 =&gt; 1000000169</td>\n",
       "      <td>0.008516</td>\n",
       "      <td>0.147410</td>\n",
       "      <td>1.900588</td>\n",
       "      <td>0.004035</td>\n",
       "      <td>1.081927</td>\n",
       "      <td>1.078087</td>\n",
       "      <td>0.127218</td>\n",
       "      <td>0.109792</td>\n",
       "      <td>1000000254</td>\n",
       "    </tr>\n",
       "    <tr>\n",
       "      <th>5</th>\n",
       "      <td>1000000169 =&gt; 1000000254</td>\n",
       "      <td>0.008516</td>\n",
       "      <td>0.109792</td>\n",
       "      <td>1.900588</td>\n",
       "      <td>0.004035</td>\n",
       "      <td>1.058441</td>\n",
       "      <td>1.078087</td>\n",
       "      <td>0.127218</td>\n",
       "      <td>0.109792</td>\n",
       "      <td>1000000169</td>\n",
       "    </tr>\n",
       "    <tr>\n",
       "      <th>6</th>\n",
       "      <td>1000000310 =&gt; 1000000309</td>\n",
       "      <td>0.007595</td>\n",
       "      <td>0.402439</td>\n",
       "      <td>15.074117</td>\n",
       "      <td>0.007091</td>\n",
       "      <td>1.628792</td>\n",
       "      <td>1.488604</td>\n",
       "      <td>0.338359</td>\n",
       "      <td>0.284483</td>\n",
       "      <td>1000000310</td>\n",
       "    </tr>\n",
       "    <tr>\n",
       "      <th>7</th>\n",
       "      <td>1000000309 =&gt; 1000000310</td>\n",
       "      <td>0.007595</td>\n",
       "      <td>0.284483</td>\n",
       "      <td>15.074117</td>\n",
       "      <td>0.007091</td>\n",
       "      <td>1.371215</td>\n",
       "      <td>1.488604</td>\n",
       "      <td>0.338359</td>\n",
       "      <td>0.284483</td>\n",
       "      <td>1000000309</td>\n",
       "    </tr>\n",
       "    <tr>\n",
       "      <th>8</th>\n",
       "      <td>1000000347 =&gt; 1000000348</td>\n",
       "      <td>0.007365</td>\n",
       "      <td>0.800000</td>\n",
       "      <td>68.156863</td>\n",
       "      <td>0.007257</td>\n",
       "      <td>4.941312</td>\n",
       "      <td>3.385028</td>\n",
       "      <td>0.708492</td>\n",
       "      <td>0.627451</td>\n",
       "      <td>1000000347</td>\n",
       "    </tr>\n",
       "    <tr>\n",
       "      <th>9</th>\n",
       "      <td>1000000348 =&gt; 1000000347</td>\n",
       "      <td>0.007365</td>\n",
       "      <td>0.627451</td>\n",
       "      <td>68.156863</td>\n",
       "      <td>0.007257</td>\n",
       "      <td>2.659500</td>\n",
       "      <td>3.385028</td>\n",
       "      <td>0.708492</td>\n",
       "      <td>0.627451</td>\n",
       "      <td>1000000348</td>\n",
       "    </tr>\n",
       "    <tr>\n",
       "      <th>10</th>\n",
       "      <td>1000000145 =&gt; 1000000146</td>\n",
       "      <td>0.005524</td>\n",
       "      <td>0.300000</td>\n",
       "      <td>14.483333</td>\n",
       "      <td>0.005142</td>\n",
       "      <td>1.398981</td>\n",
       "      <td>1.380889</td>\n",
       "      <td>0.282843</td>\n",
       "      <td>0.266667</td>\n",
       "      <td>1000000145</td>\n",
       "    </tr>\n",
       "    <tr>\n",
       "      <th>11</th>\n",
       "      <td>1000000146 =&gt; 1000000145</td>\n",
       "      <td>0.005524</td>\n",
       "      <td>0.266667</td>\n",
       "      <td>14.483333</td>\n",
       "      <td>0.005142</td>\n",
       "      <td>1.338529</td>\n",
       "      <td>1.380889</td>\n",
       "      <td>0.282843</td>\n",
       "      <td>0.266667</td>\n",
       "      <td>1000000146</td>\n",
       "    </tr>\n",
       "    <tr>\n",
       "      <th>12</th>\n",
       "      <td>1000000251 =&gt; 1000000254</td>\n",
       "      <td>0.005293</td>\n",
       "      <td>0.068249</td>\n",
       "      <td>1.684904</td>\n",
       "      <td>0.002152</td>\n",
       "      <td>1.029775</td>\n",
       "      <td>1.045079</td>\n",
       "      <td>0.094440</td>\n",
       "      <td>0.068249</td>\n",
       "      <td>1000000251</td>\n",
       "    </tr>\n",
       "    <tr>\n",
       "      <th>13</th>\n",
       "      <td>1000000254 =&gt; 1000000251</td>\n",
       "      <td>0.005293</td>\n",
       "      <td>0.130682</td>\n",
       "      <td>1.684904</td>\n",
       "      <td>0.002152</td>\n",
       "      <td>1.061107</td>\n",
       "      <td>1.045079</td>\n",
       "      <td>0.094440</td>\n",
       "      <td>0.068249</td>\n",
       "      <td>1000000254</td>\n",
       "    </tr>\n",
       "    <tr>\n",
       "      <th>14</th>\n",
       "      <td>1000000254 =&gt; 1000000286</td>\n",
       "      <td>0.005293</td>\n",
       "      <td>0.115578</td>\n",
       "      <td>1.490166</td>\n",
       "      <td>0.001741</td>\n",
       "      <td>1.042986</td>\n",
       "      <td>1.034942</td>\n",
       "      <td>0.088815</td>\n",
       "      <td>0.068249</td>\n",
       "      <td>1000000254</td>\n",
       "    </tr>\n",
       "    <tr>\n",
       "      <th>15</th>\n",
       "      <td>1000000286 =&gt; 1000000254</td>\n",
       "      <td>0.005293</td>\n",
       "      <td>0.068249</td>\n",
       "      <td>1.490166</td>\n",
       "      <td>0.001741</td>\n",
       "      <td>1.024094</td>\n",
       "      <td>1.034942</td>\n",
       "      <td>0.088815</td>\n",
       "      <td>0.068249</td>\n",
       "      <td>1000000286</td>\n",
       "    </tr>\n",
       "    <tr>\n",
       "      <th>16</th>\n",
       "      <td>1000000313 =&gt; 1000000309</td>\n",
       "      <td>0.005293</td>\n",
       "      <td>0.280488</td>\n",
       "      <td>9.232724</td>\n",
       "      <td>0.004720</td>\n",
       "      <td>1.347608</td>\n",
       "      <td>1.256492</td>\n",
       "      <td>0.221072</td>\n",
       "      <td>0.174242</td>\n",
       "      <td>1000000313</td>\n",
       "    </tr>\n",
       "    <tr>\n",
       "      <th>17</th>\n",
       "      <td>1000000309 =&gt; 1000000313</td>\n",
       "      <td>0.005293</td>\n",
       "      <td>0.174242</td>\n",
       "      <td>9.232724</td>\n",
       "      <td>0.004720</td>\n",
       "      <td>1.188155</td>\n",
       "      <td>1.256492</td>\n",
       "      <td>0.221072</td>\n",
       "      <td>0.174242</td>\n",
       "      <td>1000000309</td>\n",
       "    </tr>\n",
       "    <tr>\n",
       "      <th>18</th>\n",
       "      <td>1000000254 =&gt; 1000000285</td>\n",
       "      <td>0.005063</td>\n",
       "      <td>0.087649</td>\n",
       "      <td>1.130079</td>\n",
       "      <td>0.000583</td>\n",
       "      <td>1.011058</td>\n",
       "      <td>1.010657</td>\n",
       "      <td>0.075643</td>\n",
       "      <td>0.065282</td>\n",
       "      <td>1000000254</td>\n",
       "    </tr>\n",
       "    <tr>\n",
       "      <th>19</th>\n",
       "      <td>1000000285 =&gt; 1000000254</td>\n",
       "      <td>0.005063</td>\n",
       "      <td>0.065282</td>\n",
       "      <td>1.130079</td>\n",
       "      <td>0.000583</td>\n",
       "      <td>1.008039</td>\n",
       "      <td>1.010657</td>\n",
       "      <td>0.075643</td>\n",
       "      <td>0.065282</td>\n",
       "      <td>1000000285</td>\n",
       "    </tr>\n",
       "  </tbody>\n",
       "</table>\n",
       "</div>"
      ],
      "text/plain": [
       "                        Item   Support  Confidence       Lift  Leverage  \\\n",
       "0   1000000313 => 1000000310  0.011738    0.439655  14.471983  0.010927   \n",
       "1   1000000310 => 1000000313  0.011738    0.386364  14.471983  0.010927   \n",
       "2   1000000139 => 1000000140  0.010357    0.323741   7.728872  0.009017   \n",
       "3   1000000140 => 1000000139  0.010357    0.247253   7.728872  0.009017   \n",
       "4   1000000254 => 1000000169  0.008516    0.147410   1.900588  0.004035   \n",
       "5   1000000169 => 1000000254  0.008516    0.109792   1.900588  0.004035   \n",
       "6   1000000310 => 1000000309  0.007595    0.402439  15.074117  0.007091   \n",
       "7   1000000309 => 1000000310  0.007595    0.284483  15.074117  0.007091   \n",
       "8   1000000347 => 1000000348  0.007365    0.800000  68.156863  0.007257   \n",
       "9   1000000348 => 1000000347  0.007365    0.627451  68.156863  0.007257   \n",
       "10  1000000145 => 1000000146  0.005524    0.300000  14.483333  0.005142   \n",
       "11  1000000146 => 1000000145  0.005524    0.266667  14.483333  0.005142   \n",
       "12  1000000251 => 1000000254  0.005293    0.068249   1.684904  0.002152   \n",
       "13  1000000254 => 1000000251  0.005293    0.130682   1.684904  0.002152   \n",
       "14  1000000254 => 1000000286  0.005293    0.115578   1.490166  0.001741   \n",
       "15  1000000286 => 1000000254  0.005293    0.068249   1.490166  0.001741   \n",
       "16  1000000313 => 1000000309  0.005293    0.280488   9.232724  0.004720   \n",
       "17  1000000309 => 1000000313  0.005293    0.174242   9.232724  0.004720   \n",
       "18  1000000254 => 1000000285  0.005063    0.087649   1.130079  0.000583   \n",
       "19  1000000285 => 1000000254  0.005063    0.065282   1.130079  0.000583   \n",
       "\n",
       "    Conviction  Collective Strength  Cosine Similarity  All Confidence Val  \\\n",
       "0     1.730399             1.688538           0.412149            0.386364   \n",
       "1     1.586123             1.688538           0.412149            0.386364   \n",
       "2     1.416784             1.365202           0.282924            0.247253   \n",
       "3     1.285968             1.365202           0.282924            0.247253   \n",
       "4     1.081927             1.078087           0.127218            0.109792   \n",
       "5     1.058441             1.078087           0.127218            0.109792   \n",
       "6     1.628792             1.488604           0.338359            0.284483   \n",
       "7     1.371215             1.488604           0.338359            0.284483   \n",
       "8     4.941312             3.385028           0.708492            0.627451   \n",
       "9     2.659500             3.385028           0.708492            0.627451   \n",
       "10    1.398981             1.380889           0.282843            0.266667   \n",
       "11    1.338529             1.380889           0.282843            0.266667   \n",
       "12    1.029775             1.045079           0.094440            0.068249   \n",
       "13    1.061107             1.045079           0.094440            0.068249   \n",
       "14    1.042986             1.034942           0.088815            0.068249   \n",
       "15    1.024094             1.034942           0.088815            0.068249   \n",
       "16    1.347608             1.256492           0.221072            0.174242   \n",
       "17    1.188155             1.256492           0.221072            0.174242   \n",
       "18    1.011058             1.010657           0.075643            0.065282   \n",
       "19    1.008039             1.010657           0.075643            0.065282   \n",
       "\n",
       "         code1  \n",
       "0   1000000313  \n",
       "1   1000000310  \n",
       "2   1000000139  \n",
       "3   1000000140  \n",
       "4   1000000254  \n",
       "5   1000000169  \n",
       "6   1000000310  \n",
       "7   1000000309  \n",
       "8   1000000347  \n",
       "9   1000000348  \n",
       "10  1000000145  \n",
       "11  1000000146  \n",
       "12  1000000251  \n",
       "13  1000000254  \n",
       "14  1000000254  \n",
       "15  1000000286  \n",
       "16  1000000313  \n",
       "17  1000000309  \n",
       "18  1000000254  \n",
       "19  1000000285  "
      ]
     },
     "execution_count": 4,
     "metadata": {},
     "output_type": "execute_result"
    }
   ],
   "source": [
    "df1"
   ]
  },
  {
   "cell_type": "code",
   "execution_count": 5,
   "id": "63fca509",
   "metadata": {},
   "outputs": [],
   "source": [
    "df1=pd.merge(df1, df2, left_on = 'code1', right_on = '상품코드', how = 'inner')"
   ]
  },
  {
   "cell_type": "code",
   "execution_count": 6,
   "id": "2931146f",
   "metadata": {},
   "outputs": [
    {
     "data": {
      "text/html": [
       "<div>\n",
       "<style scoped>\n",
       "    .dataframe tbody tr th:only-of-type {\n",
       "        vertical-align: middle;\n",
       "    }\n",
       "\n",
       "    .dataframe tbody tr th {\n",
       "        vertical-align: top;\n",
       "    }\n",
       "\n",
       "    .dataframe thead th {\n",
       "        text-align: right;\n",
       "    }\n",
       "</style>\n",
       "<table border=\"1\" class=\"dataframe\">\n",
       "  <thead>\n",
       "    <tr style=\"text-align: right;\">\n",
       "      <th></th>\n",
       "      <th>Item</th>\n",
       "      <th>Support</th>\n",
       "      <th>Confidence</th>\n",
       "      <th>Lift</th>\n",
       "      <th>Leverage</th>\n",
       "      <th>Conviction</th>\n",
       "      <th>Collective Strength</th>\n",
       "      <th>Cosine Similarity</th>\n",
       "      <th>All Confidence Val</th>\n",
       "      <th>code1</th>\n",
       "      <th>상품코드</th>\n",
       "      <th>상품명(기본)</th>\n",
       "    </tr>\n",
       "  </thead>\n",
       "  <tbody>\n",
       "    <tr>\n",
       "      <th>0</th>\n",
       "      <td>1000000313 =&gt; 1000000310</td>\n",
       "      <td>0.011738</td>\n",
       "      <td>0.439655</td>\n",
       "      <td>14.471983</td>\n",
       "      <td>0.010927</td>\n",
       "      <td>1.730399</td>\n",
       "      <td>1.688538</td>\n",
       "      <td>0.412149</td>\n",
       "      <td>0.386364</td>\n",
       "      <td>1000000313</td>\n",
       "      <td>1000000313</td>\n",
       "      <td>[링셀]크림X1ea</td>\n",
       "    </tr>\n",
       "    <tr>\n",
       "      <th>1</th>\n",
       "      <td>1000000313 =&gt; 1000000309</td>\n",
       "      <td>0.005293</td>\n",
       "      <td>0.280488</td>\n",
       "      <td>9.232724</td>\n",
       "      <td>0.004720</td>\n",
       "      <td>1.347608</td>\n",
       "      <td>1.256492</td>\n",
       "      <td>0.221072</td>\n",
       "      <td>0.174242</td>\n",
       "      <td>1000000313</td>\n",
       "      <td>1000000313</td>\n",
       "      <td>[링셀]크림X1ea</td>\n",
       "    </tr>\n",
       "    <tr>\n",
       "      <th>2</th>\n",
       "      <td>1000000310 =&gt; 1000000313</td>\n",
       "      <td>0.011738</td>\n",
       "      <td>0.386364</td>\n",
       "      <td>14.471983</td>\n",
       "      <td>0.010927</td>\n",
       "      <td>1.586123</td>\n",
       "      <td>1.688538</td>\n",
       "      <td>0.412149</td>\n",
       "      <td>0.386364</td>\n",
       "      <td>1000000310</td>\n",
       "      <td>1000000310</td>\n",
       "      <td>링셀 수분 단백질 퍼스트 앰플</td>\n",
       "    </tr>\n",
       "    <tr>\n",
       "      <th>3</th>\n",
       "      <td>1000000310 =&gt; 1000000309</td>\n",
       "      <td>0.007595</td>\n",
       "      <td>0.402439</td>\n",
       "      <td>15.074117</td>\n",
       "      <td>0.007091</td>\n",
       "      <td>1.628792</td>\n",
       "      <td>1.488604</td>\n",
       "      <td>0.338359</td>\n",
       "      <td>0.284483</td>\n",
       "      <td>1000000310</td>\n",
       "      <td>1000000310</td>\n",
       "      <td>링셀 수분 단백질 퍼스트 앰플</td>\n",
       "    </tr>\n",
       "    <tr>\n",
       "      <th>4</th>\n",
       "      <td>1000000139 =&gt; 1000000140</td>\n",
       "      <td>0.010357</td>\n",
       "      <td>0.323741</td>\n",
       "      <td>7.728872</td>\n",
       "      <td>0.009017</td>\n",
       "      <td>1.416784</td>\n",
       "      <td>1.365202</td>\n",
       "      <td>0.282924</td>\n",
       "      <td>0.247253</td>\n",
       "      <td>1000000139</td>\n",
       "      <td>1000000139</td>\n",
       "      <td>마이코드 멀티비타민 미네랄 포 우먼 1박스 (2개월분)</td>\n",
       "    </tr>\n",
       "    <tr>\n",
       "      <th>5</th>\n",
       "      <td>1000000140 =&gt; 1000000139</td>\n",
       "      <td>0.010357</td>\n",
       "      <td>0.247253</td>\n",
       "      <td>7.728872</td>\n",
       "      <td>0.009017</td>\n",
       "      <td>1.285968</td>\n",
       "      <td>1.365202</td>\n",
       "      <td>0.282924</td>\n",
       "      <td>0.247253</td>\n",
       "      <td>1000000140</td>\n",
       "      <td>1000000140</td>\n",
       "      <td>[마]비타민 포맨x1ea</td>\n",
       "    </tr>\n",
       "    <tr>\n",
       "      <th>6</th>\n",
       "      <td>1000000254 =&gt; 1000000169</td>\n",
       "      <td>0.008516</td>\n",
       "      <td>0.147410</td>\n",
       "      <td>1.900588</td>\n",
       "      <td>0.004035</td>\n",
       "      <td>1.081927</td>\n",
       "      <td>1.078087</td>\n",
       "      <td>0.127218</td>\n",
       "      <td>0.109792</td>\n",
       "      <td>1000000254</td>\n",
       "      <td>1000000254</td>\n",
       "      <td>데일리오메가3 공용품목(기획세트)</td>\n",
       "    </tr>\n",
       "    <tr>\n",
       "      <th>7</th>\n",
       "      <td>1000000254 =&gt; 1000000251</td>\n",
       "      <td>0.005293</td>\n",
       "      <td>0.130682</td>\n",
       "      <td>1.684904</td>\n",
       "      <td>0.002152</td>\n",
       "      <td>1.061107</td>\n",
       "      <td>1.045079</td>\n",
       "      <td>0.094440</td>\n",
       "      <td>0.068249</td>\n",
       "      <td>1000000254</td>\n",
       "      <td>1000000254</td>\n",
       "      <td>데일리오메가3 공용품목(기획세트)</td>\n",
       "    </tr>\n",
       "    <tr>\n",
       "      <th>8</th>\n",
       "      <td>1000000254 =&gt; 1000000286</td>\n",
       "      <td>0.005293</td>\n",
       "      <td>0.115578</td>\n",
       "      <td>1.490166</td>\n",
       "      <td>0.001741</td>\n",
       "      <td>1.042986</td>\n",
       "      <td>1.034942</td>\n",
       "      <td>0.088815</td>\n",
       "      <td>0.068249</td>\n",
       "      <td>1000000254</td>\n",
       "      <td>1000000254</td>\n",
       "      <td>데일리오메가3 공용품목(기획세트)</td>\n",
       "    </tr>\n",
       "    <tr>\n",
       "      <th>9</th>\n",
       "      <td>1000000254 =&gt; 1000000285</td>\n",
       "      <td>0.005063</td>\n",
       "      <td>0.087649</td>\n",
       "      <td>1.130079</td>\n",
       "      <td>0.000583</td>\n",
       "      <td>1.011058</td>\n",
       "      <td>1.010657</td>\n",
       "      <td>0.075643</td>\n",
       "      <td>0.065282</td>\n",
       "      <td>1000000254</td>\n",
       "      <td>1000000254</td>\n",
       "      <td>데일리오메가3 공용품목(기획세트)</td>\n",
       "    </tr>\n",
       "    <tr>\n",
       "      <th>10</th>\n",
       "      <td>1000000169 =&gt; 1000000254</td>\n",
       "      <td>0.008516</td>\n",
       "      <td>0.109792</td>\n",
       "      <td>1.900588</td>\n",
       "      <td>0.004035</td>\n",
       "      <td>1.058441</td>\n",
       "      <td>1.078087</td>\n",
       "      <td>0.127218</td>\n",
       "      <td>0.109792</td>\n",
       "      <td>1000000169</td>\n",
       "      <td>1000000169</td>\n",
       "      <td>루테인 베타카로틴 공용품목(기획세트)</td>\n",
       "    </tr>\n",
       "    <tr>\n",
       "      <th>11</th>\n",
       "      <td>1000000309 =&gt; 1000000310</td>\n",
       "      <td>0.007595</td>\n",
       "      <td>0.284483</td>\n",
       "      <td>15.074117</td>\n",
       "      <td>0.007091</td>\n",
       "      <td>1.371215</td>\n",
       "      <td>1.488604</td>\n",
       "      <td>0.338359</td>\n",
       "      <td>0.284483</td>\n",
       "      <td>1000000309</td>\n",
       "      <td>1000000309</td>\n",
       "      <td>링셀 수분 단백질 인텐시브 큐브</td>\n",
       "    </tr>\n",
       "    <tr>\n",
       "      <th>12</th>\n",
       "      <td>1000000309 =&gt; 1000000313</td>\n",
       "      <td>0.005293</td>\n",
       "      <td>0.174242</td>\n",
       "      <td>9.232724</td>\n",
       "      <td>0.004720</td>\n",
       "      <td>1.188155</td>\n",
       "      <td>1.256492</td>\n",
       "      <td>0.221072</td>\n",
       "      <td>0.174242</td>\n",
       "      <td>1000000309</td>\n",
       "      <td>1000000309</td>\n",
       "      <td>링셀 수분 단백질 인텐시브 큐브</td>\n",
       "    </tr>\n",
       "    <tr>\n",
       "      <th>13</th>\n",
       "      <td>1000000347 =&gt; 1000000348</td>\n",
       "      <td>0.007365</td>\n",
       "      <td>0.800000</td>\n",
       "      <td>68.156863</td>\n",
       "      <td>0.007257</td>\n",
       "      <td>4.941312</td>\n",
       "      <td>3.385028</td>\n",
       "      <td>0.708492</td>\n",
       "      <td>0.627451</td>\n",
       "      <td>1000000347</td>\n",
       "      <td>1000000347</td>\n",
       "      <td>라보펫 강아지 고양이 관절 연골 영양제 MSM 30일분</td>\n",
       "    </tr>\n",
       "    <tr>\n",
       "      <th>14</th>\n",
       "      <td>1000000348 =&gt; 1000000347</td>\n",
       "      <td>0.007365</td>\n",
       "      <td>0.627451</td>\n",
       "      <td>68.156863</td>\n",
       "      <td>0.007257</td>\n",
       "      <td>2.659500</td>\n",
       "      <td>3.385028</td>\n",
       "      <td>0.708492</td>\n",
       "      <td>0.627451</td>\n",
       "      <td>1000000348</td>\n",
       "      <td>1000000348</td>\n",
       "      <td>라보펫 강아지 고양이유산균 포스트바이오틱스 30일분</td>\n",
       "    </tr>\n",
       "    <tr>\n",
       "      <th>15</th>\n",
       "      <td>1000000145 =&gt; 1000000146</td>\n",
       "      <td>0.005524</td>\n",
       "      <td>0.300000</td>\n",
       "      <td>14.483333</td>\n",
       "      <td>0.005142</td>\n",
       "      <td>1.398981</td>\n",
       "      <td>1.380889</td>\n",
       "      <td>0.282843</td>\n",
       "      <td>0.266667</td>\n",
       "      <td>1000000145</td>\n",
       "      <td>1000000145</td>\n",
       "      <td>[여름] 마이코드 멀티비타민 미네랄 포 우먼 2박스 (4개월분)</td>\n",
       "    </tr>\n",
       "    <tr>\n",
       "      <th>16</th>\n",
       "      <td>1000000146 =&gt; 1000000145</td>\n",
       "      <td>0.005524</td>\n",
       "      <td>0.266667</td>\n",
       "      <td>14.483333</td>\n",
       "      <td>0.005142</td>\n",
       "      <td>1.338529</td>\n",
       "      <td>1.380889</td>\n",
       "      <td>0.282843</td>\n",
       "      <td>0.266667</td>\n",
       "      <td>1000000146</td>\n",
       "      <td>1000000146</td>\n",
       "      <td>[여름] 마이코드 멀티비타민 미네랄 포 맨 2박스 (4개월분)</td>\n",
       "    </tr>\n",
       "    <tr>\n",
       "      <th>17</th>\n",
       "      <td>1000000251 =&gt; 1000000254</td>\n",
       "      <td>0.005293</td>\n",
       "      <td>0.068249</td>\n",
       "      <td>1.684904</td>\n",
       "      <td>0.002152</td>\n",
       "      <td>1.029775</td>\n",
       "      <td>1.045079</td>\n",
       "      <td>0.094440</td>\n",
       "      <td>0.068249</td>\n",
       "      <td>1000000251</td>\n",
       "      <td>1000000251</td>\n",
       "      <td>프로폴리스 공용품목(기획세트)</td>\n",
       "    </tr>\n",
       "    <tr>\n",
       "      <th>18</th>\n",
       "      <td>1000000286 =&gt; 1000000254</td>\n",
       "      <td>0.005293</td>\n",
       "      <td>0.068249</td>\n",
       "      <td>1.490166</td>\n",
       "      <td>0.001741</td>\n",
       "      <td>1.024094</td>\n",
       "      <td>1.034942</td>\n",
       "      <td>0.088815</td>\n",
       "      <td>0.068249</td>\n",
       "      <td>1000000286</td>\n",
       "      <td>1000000286</td>\n",
       "      <td>칼슘마그네슘망간 플러스 비타민 D.K (3개월분)</td>\n",
       "    </tr>\n",
       "    <tr>\n",
       "      <th>19</th>\n",
       "      <td>1000000285 =&gt; 1000000254</td>\n",
       "      <td>0.005063</td>\n",
       "      <td>0.065282</td>\n",
       "      <td>1.130079</td>\n",
       "      <td>0.000583</td>\n",
       "      <td>1.008039</td>\n",
       "      <td>1.010657</td>\n",
       "      <td>0.075643</td>\n",
       "      <td>0.065282</td>\n",
       "      <td>1000000285</td>\n",
       "      <td>1000000285</td>\n",
       "      <td>포스트 액티브 공용품목(기획세트)</td>\n",
       "    </tr>\n",
       "  </tbody>\n",
       "</table>\n",
       "</div>"
      ],
      "text/plain": [
       "                        Item   Support  Confidence       Lift  Leverage  \\\n",
       "0   1000000313 => 1000000310  0.011738    0.439655  14.471983  0.010927   \n",
       "1   1000000313 => 1000000309  0.005293    0.280488   9.232724  0.004720   \n",
       "2   1000000310 => 1000000313  0.011738    0.386364  14.471983  0.010927   \n",
       "3   1000000310 => 1000000309  0.007595    0.402439  15.074117  0.007091   \n",
       "4   1000000139 => 1000000140  0.010357    0.323741   7.728872  0.009017   \n",
       "5   1000000140 => 1000000139  0.010357    0.247253   7.728872  0.009017   \n",
       "6   1000000254 => 1000000169  0.008516    0.147410   1.900588  0.004035   \n",
       "7   1000000254 => 1000000251  0.005293    0.130682   1.684904  0.002152   \n",
       "8   1000000254 => 1000000286  0.005293    0.115578   1.490166  0.001741   \n",
       "9   1000000254 => 1000000285  0.005063    0.087649   1.130079  0.000583   \n",
       "10  1000000169 => 1000000254  0.008516    0.109792   1.900588  0.004035   \n",
       "11  1000000309 => 1000000310  0.007595    0.284483  15.074117  0.007091   \n",
       "12  1000000309 => 1000000313  0.005293    0.174242   9.232724  0.004720   \n",
       "13  1000000347 => 1000000348  0.007365    0.800000  68.156863  0.007257   \n",
       "14  1000000348 => 1000000347  0.007365    0.627451  68.156863  0.007257   \n",
       "15  1000000145 => 1000000146  0.005524    0.300000  14.483333  0.005142   \n",
       "16  1000000146 => 1000000145  0.005524    0.266667  14.483333  0.005142   \n",
       "17  1000000251 => 1000000254  0.005293    0.068249   1.684904  0.002152   \n",
       "18  1000000286 => 1000000254  0.005293    0.068249   1.490166  0.001741   \n",
       "19  1000000285 => 1000000254  0.005063    0.065282   1.130079  0.000583   \n",
       "\n",
       "    Conviction  Collective Strength  Cosine Similarity  All Confidence Val  \\\n",
       "0     1.730399             1.688538           0.412149            0.386364   \n",
       "1     1.347608             1.256492           0.221072            0.174242   \n",
       "2     1.586123             1.688538           0.412149            0.386364   \n",
       "3     1.628792             1.488604           0.338359            0.284483   \n",
       "4     1.416784             1.365202           0.282924            0.247253   \n",
       "5     1.285968             1.365202           0.282924            0.247253   \n",
       "6     1.081927             1.078087           0.127218            0.109792   \n",
       "7     1.061107             1.045079           0.094440            0.068249   \n",
       "8     1.042986             1.034942           0.088815            0.068249   \n",
       "9     1.011058             1.010657           0.075643            0.065282   \n",
       "10    1.058441             1.078087           0.127218            0.109792   \n",
       "11    1.371215             1.488604           0.338359            0.284483   \n",
       "12    1.188155             1.256492           0.221072            0.174242   \n",
       "13    4.941312             3.385028           0.708492            0.627451   \n",
       "14    2.659500             3.385028           0.708492            0.627451   \n",
       "15    1.398981             1.380889           0.282843            0.266667   \n",
       "16    1.338529             1.380889           0.282843            0.266667   \n",
       "17    1.029775             1.045079           0.094440            0.068249   \n",
       "18    1.024094             1.034942           0.088815            0.068249   \n",
       "19    1.008039             1.010657           0.075643            0.065282   \n",
       "\n",
       "         code1        상품코드                              상품명(기본)  \n",
       "0   1000000313  1000000313                           [링셀]크림X1ea  \n",
       "1   1000000313  1000000313                           [링셀]크림X1ea  \n",
       "2   1000000310  1000000310                     링셀 수분 단백질 퍼스트 앰플  \n",
       "3   1000000310  1000000310                     링셀 수분 단백질 퍼스트 앰플  \n",
       "4   1000000139  1000000139       마이코드 멀티비타민 미네랄 포 우먼 1박스 (2개월분)  \n",
       "5   1000000140  1000000140                        [마]비타민 포맨x1ea  \n",
       "6   1000000254  1000000254                   데일리오메가3 공용품목(기획세트)  \n",
       "7   1000000254  1000000254                   데일리오메가3 공용품목(기획세트)  \n",
       "8   1000000254  1000000254                   데일리오메가3 공용품목(기획세트)  \n",
       "9   1000000254  1000000254                   데일리오메가3 공용품목(기획세트)  \n",
       "10  1000000169  1000000169                 루테인 베타카로틴 공용품목(기획세트)  \n",
       "11  1000000309  1000000309                    링셀 수분 단백질 인텐시브 큐브  \n",
       "12  1000000309  1000000309                    링셀 수분 단백질 인텐시브 큐브  \n",
       "13  1000000347  1000000347       라보펫 강아지 고양이 관절 연골 영양제 MSM 30일분  \n",
       "14  1000000348  1000000348         라보펫 강아지 고양이유산균 포스트바이오틱스 30일분  \n",
       "15  1000000145  1000000145  [여름] 마이코드 멀티비타민 미네랄 포 우먼 2박스 (4개월분)  \n",
       "16  1000000146  1000000146   [여름] 마이코드 멀티비타민 미네랄 포 맨 2박스 (4개월분)  \n",
       "17  1000000251  1000000251                     프로폴리스 공용품목(기획세트)  \n",
       "18  1000000286  1000000286          칼슘마그네슘망간 플러스 비타민 D.K (3개월분)  \n",
       "19  1000000285  1000000285                   포스트 액티브 공용품목(기획세트)  "
      ]
     },
     "execution_count": 6,
     "metadata": {},
     "output_type": "execute_result"
    }
   ],
   "source": [
    "df1"
   ]
  },
  {
   "cell_type": "code",
   "execution_count": 76,
   "id": "d7c5a9d5",
   "metadata": {},
   "outputs": [],
   "source": [
    "df1['code2']=df1.Item.str.split('=>').str[1]\n",
    "df1['code2']=df1['code2'].astype('int')"
   ]
  },
  {
   "cell_type": "code",
   "execution_count": 78,
   "id": "9b6c36b3",
   "metadata": {},
   "outputs": [],
   "source": [
    "df1=pd.merge(df1, df2, left_on = 'code2', right_on = '상품코드', how = 'inner')"
   ]
  },
  {
   "cell_type": "code",
   "execution_count": 80,
   "id": "a8cb5625",
   "metadata": {},
   "outputs": [],
   "source": [
    "df1=df1[['Item','상품명(기본)_x','상품명(기본)_y']]"
   ]
  },
  {
   "cell_type": "code",
   "execution_count": 81,
   "id": "49cb895a",
   "metadata": {
    "scrolled": true
   },
   "outputs": [
    {
     "data": {
      "text/html": [
       "<div>\n",
       "<style scoped>\n",
       "    .dataframe tbody tr th:only-of-type {\n",
       "        vertical-align: middle;\n",
       "    }\n",
       "\n",
       "    .dataframe tbody tr th {\n",
       "        vertical-align: top;\n",
       "    }\n",
       "\n",
       "    .dataframe thead th {\n",
       "        text-align: right;\n",
       "    }\n",
       "</style>\n",
       "<table border=\"1\" class=\"dataframe\">\n",
       "  <thead>\n",
       "    <tr style=\"text-align: right;\">\n",
       "      <th></th>\n",
       "      <th>Item</th>\n",
       "      <th>상품명(기본)_x</th>\n",
       "      <th>상품명(기본)_y</th>\n",
       "    </tr>\n",
       "  </thead>\n",
       "  <tbody>\n",
       "    <tr>\n",
       "      <th>0</th>\n",
       "      <td>1000000313 =&gt; 1000000310</td>\n",
       "      <td>[링셀]크림X1ea</td>\n",
       "      <td>링셀 수분 단백질 퍼스트 앰플</td>\n",
       "    </tr>\n",
       "    <tr>\n",
       "      <th>1</th>\n",
       "      <td>1000000309 =&gt; 1000000310</td>\n",
       "      <td>링셀 수분 단백질 인텐시브 큐브</td>\n",
       "      <td>링셀 수분 단백질 퍼스트 앰플</td>\n",
       "    </tr>\n",
       "    <tr>\n",
       "      <th>2</th>\n",
       "      <td>1000000313 =&gt; 1000000309</td>\n",
       "      <td>[링셀]크림X1ea</td>\n",
       "      <td>링셀 수분 단백질 인텐시브 큐브</td>\n",
       "    </tr>\n",
       "    <tr>\n",
       "      <th>3</th>\n",
       "      <td>1000000310 =&gt; 1000000309</td>\n",
       "      <td>링셀 수분 단백질 퍼스트 앰플</td>\n",
       "      <td>링셀 수분 단백질 인텐시브 큐브</td>\n",
       "    </tr>\n",
       "    <tr>\n",
       "      <th>4</th>\n",
       "      <td>1000000310 =&gt; 1000000313</td>\n",
       "      <td>링셀 수분 단백질 퍼스트 앰플</td>\n",
       "      <td>[링셀]크림X1ea</td>\n",
       "    </tr>\n",
       "    <tr>\n",
       "      <th>5</th>\n",
       "      <td>1000000309 =&gt; 1000000313</td>\n",
       "      <td>링셀 수분 단백질 인텐시브 큐브</td>\n",
       "      <td>[링셀]크림X1ea</td>\n",
       "    </tr>\n",
       "    <tr>\n",
       "      <th>6</th>\n",
       "      <td>1000000139 =&gt; 1000000140</td>\n",
       "      <td>마이코드 멀티비타민 미네랄 포 우먼 1박스 (2개월분)</td>\n",
       "      <td>[마]비타민 포맨x1ea</td>\n",
       "    </tr>\n",
       "    <tr>\n",
       "      <th>7</th>\n",
       "      <td>1000000140 =&gt; 1000000139</td>\n",
       "      <td>[마]비타민 포맨x1ea</td>\n",
       "      <td>마이코드 멀티비타민 미네랄 포 우먼 1박스 (2개월분)</td>\n",
       "    </tr>\n",
       "    <tr>\n",
       "      <th>8</th>\n",
       "      <td>1000000254 =&gt; 1000000169</td>\n",
       "      <td>데일리오메가3 공용품목(기획세트)</td>\n",
       "      <td>루테인 베타카로틴 공용품목(기획세트)</td>\n",
       "    </tr>\n",
       "    <tr>\n",
       "      <th>9</th>\n",
       "      <td>1000000254 =&gt; 1000000251</td>\n",
       "      <td>데일리오메가3 공용품목(기획세트)</td>\n",
       "      <td>프로폴리스 공용품목(기획세트)</td>\n",
       "    </tr>\n",
       "    <tr>\n",
       "      <th>10</th>\n",
       "      <td>1000000254 =&gt; 1000000286</td>\n",
       "      <td>데일리오메가3 공용품목(기획세트)</td>\n",
       "      <td>칼슘마그네슘망간 플러스 비타민 D.K (3개월분)</td>\n",
       "    </tr>\n",
       "    <tr>\n",
       "      <th>11</th>\n",
       "      <td>1000000254 =&gt; 1000000285</td>\n",
       "      <td>데일리오메가3 공용품목(기획세트)</td>\n",
       "      <td>포스트 액티브 공용품목(기획세트)</td>\n",
       "    </tr>\n",
       "    <tr>\n",
       "      <th>12</th>\n",
       "      <td>1000000169 =&gt; 1000000254</td>\n",
       "      <td>루테인 베타카로틴 공용품목(기획세트)</td>\n",
       "      <td>데일리오메가3 공용품목(기획세트)</td>\n",
       "    </tr>\n",
       "    <tr>\n",
       "      <th>13</th>\n",
       "      <td>1000000251 =&gt; 1000000254</td>\n",
       "      <td>프로폴리스 공용품목(기획세트)</td>\n",
       "      <td>데일리오메가3 공용품목(기획세트)</td>\n",
       "    </tr>\n",
       "    <tr>\n",
       "      <th>14</th>\n",
       "      <td>1000000286 =&gt; 1000000254</td>\n",
       "      <td>칼슘마그네슘망간 플러스 비타민 D.K (3개월분)</td>\n",
       "      <td>데일리오메가3 공용품목(기획세트)</td>\n",
       "    </tr>\n",
       "    <tr>\n",
       "      <th>15</th>\n",
       "      <td>1000000285 =&gt; 1000000254</td>\n",
       "      <td>포스트 액티브 공용품목(기획세트)</td>\n",
       "      <td>데일리오메가3 공용품목(기획세트)</td>\n",
       "    </tr>\n",
       "    <tr>\n",
       "      <th>16</th>\n",
       "      <td>1000000347 =&gt; 1000000348</td>\n",
       "      <td>라보펫 강아지 고양이 관절 연골 영양제 MSM 30일분</td>\n",
       "      <td>라보펫 강아지 고양이유산균 포스트바이오틱스 30일분</td>\n",
       "    </tr>\n",
       "    <tr>\n",
       "      <th>17</th>\n",
       "      <td>1000000348 =&gt; 1000000347</td>\n",
       "      <td>라보펫 강아지 고양이유산균 포스트바이오틱스 30일분</td>\n",
       "      <td>라보펫 강아지 고양이 관절 연골 영양제 MSM 30일분</td>\n",
       "    </tr>\n",
       "    <tr>\n",
       "      <th>18</th>\n",
       "      <td>1000000145 =&gt; 1000000146</td>\n",
       "      <td>[여름] 마이코드 멀티비타민 미네랄 포 우먼 2박스 (4개월분)</td>\n",
       "      <td>[여름] 마이코드 멀티비타민 미네랄 포 맨 2박스 (4개월분)</td>\n",
       "    </tr>\n",
       "    <tr>\n",
       "      <th>19</th>\n",
       "      <td>1000000146 =&gt; 1000000145</td>\n",
       "      <td>[여름] 마이코드 멀티비타민 미네랄 포 맨 2박스 (4개월분)</td>\n",
       "      <td>[여름] 마이코드 멀티비타민 미네랄 포 우먼 2박스 (4개월분)</td>\n",
       "    </tr>\n",
       "  </tbody>\n",
       "</table>\n",
       "</div>"
      ],
      "text/plain": [
       "                        Item                            상품명(기본)_x  \\\n",
       "0   1000000313 => 1000000310                           [링셀]크림X1ea   \n",
       "1   1000000309 => 1000000310                    링셀 수분 단백질 인텐시브 큐브   \n",
       "2   1000000313 => 1000000309                           [링셀]크림X1ea   \n",
       "3   1000000310 => 1000000309                     링셀 수분 단백질 퍼스트 앰플   \n",
       "4   1000000310 => 1000000313                     링셀 수분 단백질 퍼스트 앰플   \n",
